19.1068 0.121937
19.1363 0.122034
19.2249 0.1519
19.3284 0.211389
19.3726 0.211535
19.5054 0.211971
19.5497 0.212117
19.6531 0.271606
19.727 0.301424
19.8453 0.420112
19.9339 0.449978
19.9784 0.509274
20.0967 0.598387
20.1855 0.716979
20.215 0.717076
20.289 0.806044
20.363 0.865436
20.4076 0.983882
20.5112 1.10252
20.6298 1.30994
20.7483 1.48777
20.7931 1.69495
20.8384 2.04999
20.9277 2.34604
21.0022 2.61245
21.0914 2.84935
21.1509 3.02699
21.2403 3.35261
21.3 3.5894
21.345 3.85572
21.3753 4.122
21.4499 4.44757
21.48 4.65469
21.5399 4.98021
21.5553 5.21686
21.5559 5.42388
21.5721 5.95629
21.6172 6.25218
21.692 6.60733
21.782 7.13997
21.8421 7.55422
21.8726 7.90921
21.9032 8.29379
21.9336 8.61921
21.9937 9.00388
22.0093 9.32926
22.0397 9.6251
22.0701 9.95053
22.1301 10.3352
22.1754 10.6902
22.2505 11.1637
22.3101 11.4005
22.3552 11.6964
22.4447 12.0516
22.4748 12.2587
22.5641 12.52
22.6238 12.7915
22.6682 12.8213
22.7422 12.9102
22.9049 13.0586
22.9787 13.0884
23.1262 13.0594
23.1702 12.9708
23.2288 12.8231
23.302 12.5867
23.3897 12.3209
23.448 12.0549
23.5062 11.7593
23.6084 11.3456
23.6662 10.9317
23.7826 10.3406
23.8551 9.86767
23.9276 9.42428
23.9998 8.83302
24.0432 8.53742
24.1015 8.27144
24.218 7.7099
24.3199 7.23703
24.3783 7.00063
24.4513 6.73469
24.5974 6.20283
24.7586 5.81888
24.9053 5.49404
24.9932 5.25773
25.125 4.93284
25.3156 4.48984
25.5357 4.04694
25.7267 3.75182
25.903 3.48623
26.1379 3.07295
26.2409 2.95499
26.4464 2.57119
26.6815 2.21707
26.8285 2.0401
26.8872 1.922