12.0873 1.44714
12.2328 3.49257
12.3493 4.66347
12.4948 5.54527
12.6694 7.88342
12.7568 8.7616
12.8732 9.64158
13.1351 9.07609
13.4262 10.5488
13.6299 11.7251
13.8337 14.0651
14.2121 17.8705
14.4158 19.9196
14.7069 22.265
14.9106 24.8959
15.0561 27.5231
15.2017 29.8595
15.3181 31.9031
15.4054 34.5267
15.4927 36.2776
15.6383 39.4867
15.7256 42.4012
15.8129 45.6067
15.9002 48.2303
15.9293 50.5594
16.0457 54.0575
16.104 57.5521
16.1622 59.883
16.3077 62.2193
16.395 64.552
16.5114 67.1775
16.9189 72.7301
17.0644 75.3574
17.2391 78.5683
17.5301 82.0773
17.7921 84.4209
18.0249 85.3082
18.1705 83.5718
18.2578 80.9591
18.4033 77.1863
18.4324 75.7336
19.0146 74.0244
19.422 73.1771
19.5967 72.6062
20.0042 68.8497
20.3243 65.6697
20.5281 63.3551
20.79 60.4624
21.052 58.4423
21.2557 56.7096
21.4304 54.6841
21.6632 49.7532
21.7796 44.815
21.8669 41.3295
21.9834 38.1368
22.0998 35.8167
22.2453 35.8258
22.6528 34.3967
23.1767 32.6839
23.9044 30.9838
24.1663 29.5456
24.4283 28.3983
24.9522 26.3946
25.447 24.9709
25.6216 24.109
25.8836 22.6708
26.2037 20.9453
26.4948 19.5089