17.6526 1.242747e-004
17.8336 5.685994e-004
18.1046 0.00236292
18.3756 0.00415724
18.5562 0.00550384
18.6461 0.00730497
18.9168 0.0100016
19.1424 0.0122487
19.3221 0.015851
19.5017 0.0199044
19.6817 0.0230555
19.8163 0.0262083
19.9061 0.0284606
20.1764 0.0320595
20.3565 0.0347595
20.537 0.0365572
20.7178 0.0374527
20.8987 0.037897
21.08 0.037439
21.1711 0.0360822
21.2624 0.0342743
21.4443 0.0320118
21.5361 0.0288505
21.673 0.0261385
21.7647 0.0229772
21.9471 0.0198125
22.1296 0.0161966
22.3115 0.0139341
22.539 0.0112188
22.7662 0.00895459
22.9031 0.00624268
23.1302 0.00442963
23.4029 0.00171261
23.675 8.001248e-004
23.8566 -5.600874e-004