1.000E-03 4.017E+02 0.000E+00 0.000E+00
1.500E-03 1.089E+02 0.000E+00 0.000E+00 
2.000E-03 4.323E+01 0.000E+00 0.000E+00 
3.000E-03 1.117E+01 0.000E+00 0.000E+00 
4.000E-03 4.234E+00 0.000E+00 0.000E+00 
5.000E-03 2.026E+00 0.000E+00 0.000E+00 
6.000E-03 1.099E+00 0.000E+00 0.000E+00 
8.000E-03 4.110E-01 0.000E+00 0.000E+00 
1.000E-02 1.941E-01 0.000E+00 0.000E+00 
1.500E-02 4.875E-02 0.000E+00 0.000E+00 
2.000E-02 1.829E-02 0.000E+00 0.000E+00 
3.000E-02 4.568E-03 0.000E+00 0.000E+00 
4.000E-02 1.705E-03 0.000E+00 0.000E+00 
5.000E-02 7.945E-04 0.000E+00 0.000E+00 
6.000E-02 4.259E-04 0.000E+00 0.000E+00 
8.000E-02 1.596E-04 0.000E+00 0.000E+00 
1.000E-01 7.484E-05 0.000E+00 0.000E+00 
1.500E-01 1.916E-05 0.000E+00 0.000E+00 
2.000E-01 7.428E-06 0.000E+00 0.000E+00 
3.000E-01 2.049E-06 0.000E+00 0.000E+00 
4.000E-01 8.662E-07 0.000E+00 0.000E+00 
5.000E-01 4.635E-07 0.000E+00 0.000E+00 
6.000E-01 2.876E-07 0.000E+00 0.000E+00 
8.000E-01 1.449E-07 0.000E+00 0.000E+00 
1.000E+00 9.028E-08 0.000E+00 0.000E+00 
1.022E+00 8.294E-08 0.000E+00 0.000E+00 
1.250E+00 5.662E-08 3.127E-05 0.000E+00 
1.500E+00 4.140E-08 1.755E-04 0.000E+00 
2.000E+00 2.632E-08 7.034E-04 0.000E+00 
2.044E+00 2.549E-08 7.584E-04 0.000E+00 
3.000E+00 1.492E-08 2.020E-03 8.070E-05 
4.000E+00 1.033E-08 3.281E-03 3.295E-04 
5.000E+00 7.879E-09 4.405E-03 6.565E-04 
6.000E+00 6.361E-09 5.419E-03 1.008E-03 
7.000E+00 5.330E-09 6.321E-03 1.360E-03 
8.000E+00 4.585E-09 7.137E-03 1.701E-03 
9.000E+00 4.022E-09 7.878E-03 2.028E-03 
1.000E+01 3.581E-09 8.552E-03 2.339E-03 
1.100E+01 3.228E-09 9.167E-03 2.635E-03 
1.200E+01 2.937E-09 9.732E-03 2.915E-03 
1.300E+01 2.695E-09 1.026E-02 3.180E-03 
1.400E+01 2.489E-09 1.075E-02 3.432E-03 
1.500E+01 2.312E-09 1.121E-02 3.672E-03 
1.600E+01 2.159E-09 1.164E-02 3.901E-03 
1.800E+01 1.906E-09 1.244E-02 4.328E-03 
2.000E+01 1.707E-09 1.316E-02 4.718E-03 
2.200E+01 1.545E-09 1.382E-02 5.079E-03 
2.400E+01 1.411E-09 1.442E-02 5.413E-03 
2.600E+01 1.298E-09 1.498E-02 5.723E-03 
2.800E+01 1.202E-09 1.549E-02 6.013E-03 
3.000E+01 1.119E-09 1.597E-02 6.285E-03 
4.000E+01 8.327E-10 1.798E-02 7.437E-03 
5.000E+01 6.629E-10 1.952E-02 8.344E-03 
6.000E+01 5.506E-10 2.076E-02 9.087E-03 
8.000E+01 4.113E-10 2.265E-02 1.025E-02 
1.000E+02 3.282E-10 2.404E-02 1.115E-02 
1.500E+02 2.181E-10 2.633E-02 1.271E-02 
2.000E+02 1.633E-10 2.775E-02 1.375E-02 
3.000E+02 1.087E-10 2.943E-02 1.509E-02 
4.000E+02 8.144E-11 3.041E-02 1.592E-02 
5.000E+02 6.512E-11 3.106E-02 1.650E-02 
6.000E+02 5.425E-11 3.152E-02 1.693E-02 
8.000E+02 4.067E-11 3.215E-02 1.753E-02 
1.000E+03 3.253E-11 3.255E-02 1.793E-02 
1.500E+03 2.168E-11 3.314E-02 1.854E-02 
2.000E+03 1.626E-11 3.346E-02 1.888E-02 
3.000E+03 1.083E-11 3.380E-02 1.926E-02 
4.000E+03 8.126E-12 3.401E-02 1.948E-02 
5.000E+03 6.500E-12 3.413E-02 1.961E-02 
6.000E+03 5.417E-12 3.421E-02 1.971E-02 
8.000E+03 4.062E-12 3.432E-02 1.984E-02 
1.000E+04 3.250E-12 3.439E-02 1.992E-02 
1.500E+04 2.166E-12 3.447E-02 2.003E-02 
2.000E+04 1.625E-12 3.453E-02 2.009E-02 
3.000E+04 1.083E-12 3.458E-02 2.015E-02 
4.000E+04 8.124E-13 3.461E-02 2.019E-02 
5.000E+04 6.499E-13 3.463E-02 2.022E-02 
6.000E+04 5.416E-13 3.464E-02 2.023E-02 
8.000E+04 4.062E-13 3.465E-02 2.025E-02 
1.000E+05 3.249E-13 3.466E-02 2.026E-02 
