11.7568 3.71901
11.9257 4.82094
12.2635 6.19835
12.5338 7.57576
12.8378 8.67769
13.2095 9.77961
13.5473 10.7438
13.8514 11.8457
14.1892 15.0138
14.4257 16.9421
14.6622 18.595
14.9324 20.1102
15.1689 21.9008
15.3378 24.1047
15.5405 26.584
15.7095 28.9256
15.8784 33.0579
16.0135 35.8127
16.1824 38.7052
16.2838 41.4601
16.3851 43.9394
16.4865 45.5923
16.5878 45.0413
16.7568 42.4242
16.8919 41.5978
17.1284 39.8072
17.3649 37.6033
17.5676 35.9504
17.6689 35.5372
17.8378 34.8485
18.1419 33.7466
18.5135 31.2672
18.7162 30.5785
19.4257 29.0634
19.6622 28.7879
19.7973 28.6501
20.1014 27.686
20.473 25.4821
20.7432 23.6915
21.1486 19.697
21.4527 18.3196
21.8243 16.6667
22.1622 15.7025
22.6351 15.0138
22.9054 14.7383
23.0743 14.1873
23.4797 13.2231
23.8514 12.259
24.3919 10.8815
24.5946 10.3306
25.0676 9.50413
25.5405 9.09091
25.9459 8.81543
26.6892 7.85124
26.9932 7.57576
27.2973 7.30028
27.9054 7.30028
28.2432 7.30028